WGS84 UTM 17N
702742 3961977
270.6763728825608 -237.1617934871465 158.294
-275.9166169707896 19.01990604074672 158.094
442.8792389719747 -150.53147924644873 158.194
193.40390589775052 -142.4871328836307 158.094
100.74406938639004 -254.15441330242902 158.294
-115.99829597782809 32.58835512585938 158.094
-267.07133138447534 285.8461433434859 157.994
182.3450122519862 47.96901096915826 158.194
-310.13055807724595 69.14127447735518 157.994
21.106442012591287 295.06654329318553 158.194
364.8551688300213 -190.2640611906536 158.294
-137.87866196525283 -362.73038333142176 158.194
163.6249031315092 105.7511477204971 158.094
-45.55845046136528 133.6162440176122 157.994
-71.86045380530413 251.58840285707265 158.094
-231.39840487099718 106.80908404383808 158.294
4.0556032648310065 158.1725905253552 157.994
34.93158456706442 -24.303498218301684 158.094
189.2698441251414 -275.9404886686243 158.094
-307.16225676145405 29.537470570299774 158.094
-148.90987526415847 -114.6484469533898 158.094
-273.48566989891697 151.75539006246254 158.094
-291.87223641423043 261.33155720261857 157.794
79.92397335614078 -329.96369941951707 158.194
77.11081582831684 -68.44166094763204 157.894
-65.55686069093645 123.74835854256526 157.994
169.01046943035908 168.81242818152532 158.094
278.4098492311314 29.15947644226253 157.994
-6.183586970088072 -370.22945600934327 158.294
-96.26593635533936 108.08553235093132 157.994
-167.71280424133874 72.65820109471679 158.194
-288.6901472856989 277.0824752729386 157.894
124.51667544804513 221.33586096856743 158.094
-39.9917580174515 239.29769768333063 161.694
313.64520596631337 -16.26225304370746 158.094
319.4568190998398 -211.46976832207292 158.194
-285.08611435070634 -13.964349707588553 158.194
25.925744320033118 -94.002449630294 158.194
442.630556558026 -129.73464727774262 157.994
-188.57590009248815 324.8718538656831 158.294
80.36487763840705 -264.3242038125172 158.394
55.15939204685856 183.05010307347402 158.194
-83.31555359542836 -406.3978600613773 158.194
175.2478723837994 -284.27517547504976 158.294
-117.18344749812968 360.501409066841 157.994
55.1015241141431 -14.564052504952997 158.194
-103.07925541943405 -354.89498595846817 158.194
-37.80015885923058 70.960996969603 158.294
91.39643803378567 134.40391312818974 158.294
-183.4613075554371 -278.66746563557535 158.094
62.88603513990529 55.242639652919024 158.194
315.77639438724145 -81.90148858912289 158.094
-287.6334125448484 364.5558268451132 158.094
168.59829632018227 -286.1788505720906 158.294
-4.431984687806107 313.42487526964396 158.094
178.8804344725795 -18.230118387844414 158.094
-95.44269223720767 -154.4068072750233 158.094
-279.1641410153825 411.7654751483351 157.794
107.12954749085475 233.47686266712844 158.194
-187.081571636023 -263.4113116748631 157.894
-138.80371017742436 -307.26604219991714 158.094
-267.33747841988225 220.59925699792802 158.194
132.8291612501489 215.56033529294655 158.094
156.26169557566755 -293.50674616685137 158.194
304.85499984095804 -153.76297229900956 158.094
217.83879017923027 100.06289660185575 158.194
-89.37280799436849 -19.515911410562694 157.994
81.14112030155957 251.9418202615343 158.194
155.97555399127305 185.84135538013652 158.094
34.714476618450135 173.05150082614273 158.194
-41.14857151522301 266.66560610802844 158.094
107.83887402212713 -316.31297114957124 158.094
-82.5883254215587 -213.81902584899217 158.094
64.12433701346163 264.3719579204917 158.194
-91.66137537057512 -284.14827543264255 158.094
11.284403188736178 95.28632602700964 158.194
-47.92326389416121 197.28296451224014 158.194
-111.09550967230462 -293.79649338312447 158.094
144.2622832271736 -102.42472323728725 158.294
-296.0211634961888 140.98520866269246 158.094
85.61016006034333 198.2327558179386 158.194
-187.15157008450478 394.4802987622097 158.194
-134.94935788679868 384.4983966141008 158.294
357.03231805190444 -61.51534734014422 158.094
113.73449018539395 80.97790897917002 158.094
-16.52870342717506 -49.35854269936681 157.994
-218.91402180609293 309.6002222644165 158.194
13.755186348571442 -166.49325351696461 158.094
68.82756921765395 256.9073259867728 157.994
-292.2777456641197 177.23382049053907 158.194
205.62171249929816 116.91627012751997 157.994
458.09658216976095 -143.17711500497535 158.094
-199.49886508157942 -209.56652101734653 158.194
-132.6169448198052 -370.9901466402225 158.194
187.79068409884349 143.14653682801872 157.994
158.4361045716796 -28.380045105703175 158.194
-240.04099688795395 -93.18390761781484 157.994
10.023628863156773 -233.1669667600654 157.994
-67.62806710181758 -74.49750163592398 157.994
111.77019649662543 -182.83664215635508 157.994
-41.00680100545287 -258.6189148109406 158.094
-286.6809038684005 211.7519813273102 157.994
137.69051609793678 -301.2241521338001 158.194
-116.77561997680459 98.04882218129933 158.094
422.65604289912153 -160.4672776227817 158.194
-284.3940498288721 383.51152130262926 158.294
47.780203011468984 244.37280200235546 157.994
4.075347876641899 -39.37187193147838 158.094
127.85660649742931 -307.5789377489127 158.194
-236.66781351342797 235.67170428996906 158.094
60.68604554561898 -208.00370774650946 158.094
-279.2627571109915 412.8916757614352 157.894
-154.4258534843102 -184.0914955767803 158.094
-248.74161737016402 32.36589585337788 158.094
83.08607301022857 65.08460028469563 158.194
-206.5200869187247 -178.6422016080469 158.094
-68.88268645829521 -9.710845103953034 157.994
-27.867725654738024 206.95180241018534 158.194
-255.03505753993522 406.98347434960306 158.094
-206.9197950476082 397.74013225222006 158.294
163.14543135790154 38.54440380213782 158.194
248.06107951060403 -50.528693271800876 158.194
381.95596082136035 -115.96060983324423 158.094
202.37885598186404 -203.8872586544603 157.994
-260.3445373447612 -63.59933460596949 158.194
-112.31726319086738 -228.4510595682077 158.094
-92.29462005430833 241.45159250404686 158.094
-170.31982388184406 -312.7661918946542 158.394
264.6522873491049 -107.14164115302265 158.094
251.56585190724581 -246.55059474147856 158.194
-52.09254371887073 -329.9161808490753 158.294
267.2086496213451 -41.240765219554305 158.194
-43.03527997294441 332.489208472427 157.894
370.84802274079993 -186.24170565186068 158.194
-61.451687324326485 -268.88853497151285 158.094
200.8240785470698 124.32626141700894 158.094
391.2734944485128 -176.13798136031255 158.194
94.11302461952437 -127.0310327745974 158.194
-24.31436613400001 -119.3686236818321 158.294
112.79564030375332 14.065908098593354 158.394
-217.94524378399365 -17.811869379598647 158.094
151.85460182628594 -229.14376886654645 158.194
-142.11381297861226 -243.09686687821522 158.094
345.819016839494 -67.0819133548066 158.094
-220.9024842766812 -140.69622609205544 158.194
-293.18497915321495 333.5566335259937 158.094
-16.211915598483756 148.21209224127233 157.894
-33.47569956048392 -189.54584196256474 157.994
268.8764706692891 -236.57100623799488 158.094
260.3901971989544 21.52840319694951 158.094
-92.52731862897053 373.7502276012674 157.994
-160.40660045179538 -316.67703628120944 158.094
-162.12132833711803 -252.82901143748313 158.094
107.6316256383434 -53.4269667416811 157.994
-89.40916750207543 374.4999254322611 158.294
67.71313454711344 -139.88858157396317 158.094
-175.43475972441956 -304.87920365156606 158.294
-277.8495994430268 413.2754867868498 157.894
-286.49068826658186 342.82372560491785 157.794
-21.56249470275361 -314.70755834924057 158.294
142.40514377702493 -167.8531537540257 158.094
-269.61297670484055 -42.93797737406567 157.894
-190.63571792596485 -70.40640360675752 158.094
133.07849918142892 24.242865113075823 158.194
-140.3561968730064 -45.11119455099106 158.194
364.0986843779683 -124.76594487344846 158.094
-201.18396228237543 122.02845866978168 158.094
-44.613484357716516 -129.29581607645378 158.194
-216.3454708920326 245.6514508323744 158.094
293.93785742879845 -28.196201582439244 158.094
29.180066495900974 -289.5087693212554 158.094
192.6811132869916 119.96181190107018 157.994
138.56278855539858 157.5514168618247 158.094
-272.9433801335981 -38.478743680752814 158.094
12.860005230410025 -361.4070093915798 158.194
-136.40254785306752 22.436955858021975 158.094
-122.79454569076188 226.32701565651223 158.194
336.6081346151186 -204.2994262627326 158.294
235.91656366281677 73.81675560958683 157.994
-154.36727296432946 -337.51085923518986 158.294
-288.7202143977629 197.99120879964903 157.994
17.52503925585188 296.44286816427484 157.994
-194.52065607870463 -230.0392387243919 158.094
-119.7518942807801 -34.582168275956064 157.894
307.5989358930383 -1.5212915516458452 158.094
-226.3741183906095 401.22609913535416 158.294
284.10334407154005 -163.44849038124084 157.994
289.20175164879765 -226.58082686830312 158.194
60.68946816329844 -339.11132728215307 158.194
232.71909834095277 -188.8732106317766 157.994
-244.57039520074613 165.66537438100204 158.094
-173.71403245278634 200.96452948777005 158.094
38.3186482792953 282.7641361975111 158.194
84.19026445457712 -0.4332030611112714 158.394
295.2945215104846 -92.05875783646479 157.994
249.73076024721377 59.19221319491044 157.994
-98.05803376855329 -89.54340361617506 157.994
12.63752810866572 301.31648055417463 158.094
-38.431067245895974 5.033521070610732 158.194
-180.88393837586045 132.1156716607511 158.094
170.95635272120126 -88.70921882102266 158.294
-114.43715788039844 295.6255506784655 158.194
-218.79548484249972 47.24606509786099 158.194
-260.2294988358626 355.2177207474597 157.994
244.22296538040973 -117.2944959551096 158.094
222.9582135088276 -260.6524220695719 158.194
19.793086546706036 230.1130893691443 158.194
238.51496181159746 -251.53940911684185 157.994
-229.28065479325596 370.3644460812211 157.994
-129.8716914568795 157.2859664997086 158.094
-194.0744738751091 190.78032571496442 158.194
-310.88674954825547 67.71187112666667 158.094
149.8955404367298 194.2887710495852 158.094
106.06709668179974 208.25025831675157 158.194
402.69493830390275 -104.30803942447528 158.194
-78.98542528739199 182.2409487743862 157.994
271.1272343895398 36.904015105217695 157.994
-18.229742827126756 15.04792468668893 158.294
182.03115668380633 -213.8869999665767 158.094
368.756950562587 -69.25657379999757 158.094
440.108624508488 -153.62279755203053 158.294
159.91603707545437 170.11782631790265 157.794
5.377408643485978 -104.34245744487271 158.194
49.56336297618691 -279.40375816542655 158.194
203.89590480993502 -270.17566997604445 158.194
-185.80597849574406 260.6964421248995 158.094
-208.75238128984347 -168.3737581614405 158.194
-209.41406829236075 380.4848821084015 157.994
-150.18282004701905 147.13979337690398 158.094
-85.32289623678662 309.8119838112034 158.194
-72.57430735894013 -339.89986756956205 158.194
327.6170216399478 -25.589175661560148 158.094
-118.24294204334728 -394.7071759114042 158.094
-296.17297552526 313.2747473176569 157.994
-47.66504644812085 344.3214122513309 157.994
314.9033645230811 -9.228304956573993 158.094
91.26486380153801 -192.75653705839068 157.994
-167.15396546851844 7.39624979859218 158.094
12.213003803277388 30.28250524122268 158.294
-290.35847760224715 341.5667221257463 157.794
276.5794263018761 30.75469020428136 157.994
457.53179551893845 -142.5426005651243 158.294
56.6484748814255 -78.58249969175085 157.894
-282.6173024774762 81.86284518288448 158.194
134.08862721920013 91.10718161333352 157.994
-224.62856389512308 175.59321986325085 158.094
-172.39807307324372 -192.8397542219609 158.094
-1.2282521976158023 -304.6500435206108 158.194
175.57394326874055 160.42852091416717 158.094
-73.0105634733336 363.0450783087872 158.094
128.13742251263466 -43.43300095619634 157.994
213.81717403954826 -132.39643580606207 158.094
340.2006417103112 -201.43903172761202 158.194
-189.9814037613105 -249.88377233874053 157.994
218.30766603385564 -261.5298427110538 157.994
108.61678837821819 -316.6003861594945 158.194
-239.27478443528526 299.3297698232345 158.194
-134.51927187666297 285.9162098346278 158.094
317.97178552427795 -213.65283777890727 158.294
131.29865129035898 -239.16049122670665 158.194
40.398536077467725 -218.00481726741418 157.994
-20.758867344469763 276.7645255923271 158.094
-168.896614033496 -124.83643739763647 158.194
-85.88445396721363 47.15833865618333 158.194
-114.21207661705557 380.83233649097383 158.194
-293.6680068577407 282.1792538370937 157.894
401.88536105072126 -96.18073027953506 157.994
-47.14340777893085 -64.44894382311031 157.994
229.88435426075011 6.868060906883329 157.994
88.19238505477551 -326.99629544699565 157.994
125.99361792975105 218.71813842607662 157.894
209.26588868687395 -3.023909800685942 157.994
-104.66423526941799 -414.19063644716516 157.794
40.98306599992793 -153.14209497859702 158.094
-296.1098082937533 8.090580115094781 157.994
-165.4347244282253 270.72984730592 158.094
-62.657820965512656 -203.91270934557542 157.994
-187.2587093131151 -2.8930815630592406 158.194
-191.518651011982 390.1224413132295 158.094
-129.53701066342182 -367.7902014120482 157.994
-92.93758452741895 376.965880936943 160.694
-125.78030138881877 -169.6601351709105 158.194
-165.92575064045377 390.54164457833394 158.194
162.76745330542326 -157.72675152868032 158.094
-234.59209822572302 -113.92028032336384 158.294
-66.54283337702509 56.75213633058593 158.194
-99.30142384057399 172.20245211897418 157.994
-198.30498942395207 57.36224751872942 158.094
230.41501599096227 74.12226072978228 157.594
-54.35055633925367 -392.83155249385163 158.294
-288.83220209612045 229.3603380615823 157.894
-199.35453173040878 -139.88260722300038 158.194
32.58642245235387 40.347222610376775 158.294
-75.03877458989155 -144.4434247156605 158.094
219.28995195473544 -64.81313112331554 158.294
-10.31944668176584 -243.15997511614114 157.994
-118.36972174199764 -99.68962280871347 158.094
292.9611142138019 13.8427551263012 157.994
-168.12945370399393 335.1258926112205 158.194
418.0634283766849 -109.56375612318516 157.994
-194.7536326792324 -202.50531218387187 158.094
190.08495346293785 -79.13516384735703 158.294
412.9577655828325 -166.47705404786393 158.294
253.0290269976249 -178.65530218649656 157.894
61.99396820075344 120.1702390210703 158.294
-251.92948350613005 96.71362627251074 158.294
-243.37621955340728 -96.4235745142214 158.394
8.576105026295409 291.4033940182999 158.094
-256.16386913252063 -71.72972135664895 158.294
-137.57346863369457 350.4211963089183 158.094
119.98545062693302 148.39089085534215 158.094
-302.06108901742846 118.91619000630453 158.094
-306.2691468758276 91.66610937518999 158.094
-297.06248559011146 147.84928992576897 158.194
-147.36728491075337 82.73727640649304 158.194
-170.6341484731529 -60.541852799244225 158.194
-294.23266583064105 10.270174331963062 158.194
299.10076613002457 -223.07325388444588 158.294
41.68345483462326 110.43986705038697 158.094
-8.428490033838898 85.45568570680916 158.194
-143.12575917120557 216.2975165597163 158.094
-238.22069308790378 -27.892240699380636 158.194
-217.70598942460492 -147.86556787183508 158.094
209.9561933336081 61.986267170868814 157.894
31.99747388367541 -352.40662576491013 158.194
-30.34895512717776 331.9719310947694 157.994
-35.07808961637784 -383.68640463845804 158.394
383.8796573289437 -180.85847347043455 158.294
-219.36137414723635 -84.29059203574434 157.994
385.36923208180815 -82.51561147905886 158.094
-133.5196277545765 -369.0930453496985 157.994
346.1835508159129 -50.44571170583367 157.994
-14.356242893496528 -180.2129590245895 157.994
119.19583185773809 -114.91888817539439 158.294
-92.8984386017546 376.9020295892842 157.794
-57.719380941358395 323.81284770183265 157.994
-313.4550868651131 43.79216598533094 158.094
1.0091230238322169 220.98199183121324 158.194
334.3578967571957 -139.06066384073347 158.094
